X_coordinates : 913319.0 - 1067298.0
Y_coordinates : 124364.0 - 208735.0
Latitude : 40.507750107 - 40.739224294
Longitude : -74.255075543 - -73.700315857
